<?xml version="1.0" encoding="UTF-8" standalone="no" ?>
<LXFML versionMajor="5" versionMinor="0" name="Redbeard">
  <Meta>
    <Application name="LEGO Digital Designer" versionMajor="4" versionMinor="3"/>
    <Brand name="LDDExtended"/>
    <BrickSet version="2670"/>
  </Meta>
  <Cameras>
    <Camera refID="0" fieldOfView="80" distance="32.61272430419921875" transformation="0.797858893871307373046875,0,-0.60284435749053955078125,-0.24415750801563262939453125,0.91431272029876708984375,-0.323140203952789306640625,0.551188170909881591796875,0.40500926971435546875,0.7294924259185791015625,19.592098236083984375,16.0584621429443359375,25.9144763946533203125"/>
    <Camera refID="1" fieldOfView="80" distance="49.999996185302734375" transformation="0.707106888294219970703125,0,-0.707106888294219970703125,-0.4082483351230621337890625,0.816496670246124267578125,-0.4082483351230621337890625,0.577350318431854248046875,0.57735025882720947265625,0.577350318431854248046875,29.735080718994140625,31.4194431304931640625,31.6887073516845703125"/>
    <Camera refID="2" fieldOfView="80" distance="49.999996185302734375" transformation="0.707106888294219970703125,0,-0.707106888294219970703125,-0.4082483351230621337890625,0.816496670246124267578125,-0.4082483351230621337890625,0.577350318431854248046875,0.57735025882720947265625,0.577350318431854248046875,31.00756072998046875,31.85797882080078125,31.2933025360107421875"/>
    <Camera refID="3" fieldOfView="80" distance="50" transformation="0.70710670948028564453125,0,-0.7071068286895751953125,-0.4082482755184173583984375,0.81649649143218994140625,-0.4082481861114501953125,0.577350437641143798828125,0.577350139617919921875,0.577350318431854248046875,30.8803386688232421875,32.376728057861328125,31.16607666015625"/>
  </Cameras>
  <Bricks cameraRef="0">
    <Brick refID="0" designID="84638">
      <Part refID="0" designID="3814" materials="26,0,0" decoration="601193,0">
        <Bone refID="0" transformation="0.9063074588775634765625,0,-0.4226191937923431396484375,0,1,0,0.4226191937923431396484375,0,0.9063074588775634765625,1.25382864475250244140625,1.9200000762939453125,2.2927951812744140625">
        </Bone>
      </Part>
      <Part refID="1" designID="3818" materials="26,0" decoration="0">
        <Bone refID="1" transformation="0.8911311626434326171875,-0.18223552405834197998046875,-0.41554248332977294921875,0.174745142459869384765625,0.9829998016357421875,-0.05635212361812591552734375,0.4187475144863128662109375,-0.022396884858608245849609375,0.907826483249664306640625,1.05444157123565673828125,2.830000400543212890625,2.385771274566650390625">
        </Bone>
      </Part>
      <Part refID="2" designID="3819" materials="26,0" decoration="0">
        <Bone refID="2" transformation="0.891131341457366943359375,0.18223486840724945068359375,-0.4155423641204833984375,-0.065970443189144134521484375,0.958109080791473388671875,0.2787022888660430908203125,0.4489241540431976318359375,-0.2209467589855194091796875,0.86582314968109130859375,2.178262233734130859375,2.830000400543212890625,1.8617236614227294921875">
        </Bone>
      </Part>
      <Part refID="3" designID="2531" materials="194">
        <Bone refID="3" transformation="0.793056428432464599609375,-0.347955226898193359375,-0.49998867511749267578125,0.4117386639118194580078125,0.911103546619415283203125,0.0190177857875823974609375,0.448924124240875244140625,-0.2209467589855194091796875,0.86582314968109130859375,2.735496044158935546875,2.4245312213897705078125,2.37353229522705078125">
        </Bone>
      </Part>
      <Part refID="4" designID="3820" materials="24">
        <Bone refID="4" transformation="0.857336819171905517578125,-0.31981813907623291015625,-0.4033485949039459228515625,0.2993732392787933349609375,0.947214186191558837890625,-0.114721439778804779052734375,0.418747484683990478515625,-0.0223968513309955596923828125,0.90782654285430908203125,1.10384881496429443359375,2.5750391483306884765625,3.108904361724853515625">
        </Bone>
      </Part>
    </Brick>
    <Brick refID="1" designID="2526">
      <Part refID="5" designID="2526" materials="192">
        <Bone refID="5" transformation="0.906307399272918701171875,0,-0.4226192533969879150390625,0,1,0,0.4226191937923431396484375,0,0.9063074588775634765625,1.6163513660430908203125,3.2000000476837158203125,2.1237468719482421875">
        </Bone>
      </Part>
    </Brick>
    <Brick refID="2" designID="84637">
      <Part refID="6" designID="3815" materials="26,0,0" decoration="0,0">
        <Bone refID="6" transformation="0.906307399272918701171875,0,-0.4226192533969879150390625,0,1,0,0.4226191937923431396484375,0,0.9063074588775634765625,1.25382792949676513671875,1.9200000762939453125,2.2927920818328857421875">
        </Bone>
      </Part>
      <Part refID="7" designID="2532" materials="192">
        <Bone refID="7" transformation="0.906307399272918701171875,0,-0.4226192533969879150390625,-0.2867878973484039306640625,0.73451125621795654296875,-0.61501705646514892578125,0.3104186356067657470703125,0.678596436977386474609375,0.665693104267120361328125,1.57646429538726806640625,0.61867463588714599609375,2.9846885204315185546875">
        </Bone>
      </Part>
      <Part refID="8" designID="3817" materials="26,0,0,0" decoration="0,0,0">
        <Bone refID="8" transformation="0.9063074588775634765625,0,-0.4226191937923431396484375,0,1,0,0.4226191937923431396484375,0,0.9063074588775634765625,1.97887361049652099609375,0.319999992847442626953125,1.95469951629638671875">
        </Bone>
      </Part>
    </Brick>
    <Brick refID="3" designID="2528">
      <Part refID="9" designID="2528" materials="26,0" decoration="601244">
        <Bone refID="9" transformation="-0.7126729488372802734375,0,0.70149648189544677734375,0,1,0,-0.70149648189544677734375,0,-0.7126729488372802734375,1.61634957790374755859375,4.309999942779541015625,2.123744487762451171875">
        </Bone>
      </Part>
    </Brick>
    <Brick refID="4" designID="3626">
      <Part refID="10" designID="3626" materials="24,0,0,0" decoration="74306,0,0">
        <Bone refID="10" transformation="0.71267282962799072265625,0,-0.701496601104736328125,0,1,0,0.701496303081512451171875,0,0.712673127651214599609375,1.61634957790374755859375,3.349999904632568359375,2.123744487762451171875">
        </Bone>
      </Part>
    </Brick>
    <Brick refID="5" designID="64647">
      <Part refID="11" designID="64647" materials="21">
        <Bone refID="11" transformation="0.4917066097259521484375,0,-0.870760977268218994140625,0,1,0,0.870760977268218994140625,0,0.4917066097259521484375,2.05108356475830078125,4.809999942779541015625,1.695827960968017578125">
        </Bone>
      </Part>
    </Brick>
    <Brick refID="6" designID="95228">
      <Part refID="12" designID="95228" materials="48,0" decoration="602043">
        <Bone refID="12" transformation="0.375007927417755126953125,-0.0374965853989124298095703125,-0.926263034343719482421875,0.397550761699676513671875,0.909142673015594482421875,0.12414930760860443115234375,0.8374500274658203125,-0.4147934019565582275390625,0.3558424413204193115234375,0.693597316741943359375,1.2413289546966552734375,3.29440212249755859375">
        </Bone>
      </Part>
    </Brick>
    <Brick refID="7" designID="2530">
      <Part refID="13" designID="2530" materials="199">
        <Bone refID="13" transformation="-0.2814141213893890380859375,0.10727010667324066162109375,0.953571796417236328125,0.4117386341094970703125,0.911103546619415283203125,0.01901781558990478515625,-0.86676275730133056640625,0.3979741632938385009765625,-0.3005647361278533935546875,2.787622928619384765625,1.9327113628387451171875,2.79848384857177734375">
        </Bone>
      </Part>
    </Brick>
    <Brick refID="8" designID="88646">
      <Part refID="14" designID="88646" materials="26,0" decoration="0">
        <Bone refID="14" transformation="1,0,0,0,1,0,0,0,1,0.4000047147274017333984375,0,2.800014972686767578125">
        </Bone>
      </Part>
    </Brick>
    <Brick refID="9" designID="96907">
      <Part refID="15" designID="96907" materials="310">
        <Bone refID="15" transformation="1,0,0,0,1,0,0,0,1,-0.400000035762786865234375,0,3.599999904632568359375">
        </Bone>
      </Part>
    </Brick>
    <Brick refID="10" designID="57503">
      <Part refID="16" designID="57503" materials="310">
        <Bone refID="16" transformation="0.782358646392822265625,0,-0.622828185558319091796875,0,1,0,0.622828185558319091796875,0,0.782358705997467041015625,-1.290713787078857421875,0,3.426914691925048828125">
        </Bone>
      </Part>
    </Brick>
    <Brick refID="11" designID="57504">
      <Part refID="17" designID="57504" materials="310">
        <Bone refID="17" transformation="0.782358646392822265625,0,-0.622828185558319091796875,0,1,0,0.622828185558319091796875,0,0.782358705997467041015625,-0.710755288600921630859375,0.160000264644622802734375,2.90562343597412109375">
        </Bone>
      </Part>
    </Brick>
    <Brick refID="12" designID="57503">
      <Part refID="18" designID="57503" materials="310">
        <Bone refID="18" transformation="0.782358646392822265625,0,-0.622828185558319091796875,0,1,0,0.622828185558319091796875,0,0.782358705997467041015625,-0.643982350826263427734375,0,2.62156200408935546875">
        </Bone>
      </Part>
    </Brick>
    <Brick refID="13" designID="57505">
      <Part refID="19" designID="57505" materials="310">
        <Bone refID="19" transformation="0.782358646392822265625,0,-0.622828185558319091796875,0,1,0,0.622828185558319091796875,0,0.782358705997467041015625,-1.0501654148101806640625,0.3200100362300872802734375,2.666633129119873046875">
        </Bone>
      </Part>
    </Brick>
    <Brick refID="14" designID="57504">
      <Part refID="20" designID="57504" materials="310">
        <Bone refID="20" transformation="0.782358646392822265625,0,-0.622828185558319091796875,0,1,0,0.622828185558319091796875,0,0.782358705997467041015625,-1.496641635894775390625,0.160000324249267578125,3.163885593414306640625">
        </Bone>
      </Part>
    </Brick>
    <Brick refID="15" designID="57503">
      <Part refID="21" designID="57503" materials="310">
        <Bone refID="21" transformation="0.782358646392822265625,0,-0.622828185558319091796875,0,1,0,0.622828185558319091796875,0,0.782358705997467041015625,-2.140507221221923828125,0,3.84171962738037109375">
        </Bone>
      </Part>
    </Brick>
    <Brick refID="16" designID="57505">
      <Part refID="22" designID="57505" materials="310">
        <Bone refID="22" transformation="-0.6228282451629638671875,0,-0.782358646392822265625,0,1,0,0.782358586788177490234375,0,-0.622828185558319091796875,-1.4933681488037109375,0.4800028502941131591796875,2.890165805816650390625">
        </Bone>
      </Part>
    </Brick>
    <Brick refID="17" designID="57506">
      <Part refID="23" designID="57506" materials="310">
        <Bone refID="23" transformation="0.782358586788177490234375,0,-0.622828185558319091796875,0,1,0,0.6228282451629638671875,0,0.782358705997467041015625,-1.7349393367767333984375,0.3200061619281768798828125,3.20173358917236328125">
        </Bone>
      </Part>
    </Brick>
    <Brick refID="18" designID="57504">
      <Part refID="24" designID="57504" materials="310">
        <Bone refID="24" transformation="0.782358646392822265625,0,-0.622828185558319091796875,0,1,0,0.622828185558319091796875,0,0.782358705997467041015625,-2.122528076171875,0.160000324249267578125,3.66214752197265625">
        </Bone>
      </Part>
    </Brick>
    <Brick refID="19" designID="96907">
      <Part refID="25" designID="96907" materials="310">
        <Bone refID="25" transformation="-0.48357093334197998046875,-0.531770408153533935546875,0.695254981517791748046875,-0.3036391735076904296875,0.846888840198516845703125,0.4365576803684234619140625,-0.820952117443084716796875,0,-0.57099711894989013671875,-2.568843841552734375,0.20739252865314483642578125,4.00096416473388671875">
        </Bone>
      </Part>
    </Brick>
    <Brick refID="20" designID="30153">
      <Part refID="26" designID="30153" materials="41">
        <Bone refID="26" transformation="1,0,0,0,1,0,0,0,1,-1.3599998950958251953125,0,2.0800001621246337890625">
        </Bone>
      </Part>
    </Brick>
    <Brick refID="21" designID="96907">
      <Part refID="27" designID="96907" materials="310">
        <Bone refID="27" transformation="-0.69525516033172607421875,-0.531770229339599609375,-0.4835707843303680419921875,-0.4365579187870025634765625,0.8468887805938720703125,-0.3036391437053680419921875,0.57099688053131103515625,0,-0.82095229625701904296875,-2.400965213775634765625,0.207393229007720947265625,3.03115749359130859375">
        </Bone>
      </Part>
    </Brick>
    <Brick refID="22" designID="57503">
      <Part refID="28" designID="57503" materials="310">
        <Bone refID="28" transformation="0.782358646392822265625,0,-0.622828185558319091796875,0,1,0,0.622828185558319091796875,0,0.782358705997467041015625,-0.883982121944427490234375,0,1.6615619659423828125">
        </Bone>
      </Part>
    </Brick>
  </Bricks>
  <RigidSystems>
    <RigidSystem>
      <Rigid refID="0" transformation="0.9063074588775634765625,0,-0.4226191937923431396484375,0,1,0,0.4226191937923431396484375,0,0.9063074588775634765625,1.25382864475250244140625,1.9200000762939453125,2.2927951812744140625" boneRefs="0,5,6"/>
      <Rigid refID="1" transformation="0.8911311626434326171875,-0.18223552405834197998046875,-0.41554248332977294921875,0.174745142459869384765625,0.9829998016357421875,-0.05635212361812591552734375,0.4187475144863128662109375,-0.022396884858608245849609375,0.907826483249664306640625,1.05444157123565673828125,2.830000400543212890625,2.385771274566650390625" boneRefs="1"/>
      <Rigid refID="2" transformation="0.891131341457366943359375,0.18223486840724945068359375,-0.4155423641204833984375,-0.065970443189144134521484375,0.958109080791473388671875,0.2787022888660430908203125,0.4489241540431976318359375,-0.2209467589855194091796875,0.86582314968109130859375,2.178262233734130859375,2.830000400543212890625,1.8617236614227294921875" boneRefs="2"/>
      <Rigid refID="3" transformation="0.793056428432464599609375,-0.347955226898193359375,-0.49998867511749267578125,0.4117386639118194580078125,0.911103546619415283203125,0.0190177857875823974609375,0.448924124240875244140625,-0.2209467589855194091796875,0.86582314968109130859375,2.735496044158935546875,2.4245312213897705078125,2.37353229522705078125" boneRefs="3"/>
      <Rigid refID="4" transformation="0.857336819171905517578125,-0.31981813907623291015625,-0.4033485949039459228515625,0.2993732392787933349609375,0.947214186191558837890625,-0.114721439778804779052734375,0.418747484683990478515625,-0.0223968513309955596923828125,0.90782654285430908203125,1.10384881496429443359375,2.5750391483306884765625,3.108904361724853515625" boneRefs="4"/>
      <Rigid refID="5" transformation="0.906307399272918701171875,0,-0.4226192533969879150390625,-0.2867878973484039306640625,0.73451125621795654296875,-0.61501705646514892578125,0.3104186356067657470703125,0.678596436977386474609375,0.665693104267120361328125,1.57646429538726806640625,0.61867463588714599609375,2.9846885204315185546875" boneRefs="7"/>
      <Rigid refID="6" transformation="0.9063074588775634765625,0,-0.4226191937923431396484375,0,1,0,0.4226191937923431396484375,0,0.9063074588775634765625,1.97887361049652099609375,0.319999992847442626953125,1.95469951629638671875" boneRefs="8"/>
      <Rigid refID="7" transformation="-0.7126729488372802734375,0,0.70149648189544677734375,0,1,0,-0.70149648189544677734375,0,-0.7126729488372802734375,1.61634957790374755859375,4.309999942779541015625,2.123744487762451171875" boneRefs="9,10"/>
      <Rigid refID="8" transformation="0.4917066097259521484375,0,-0.870760977268218994140625,0,1,0,0.870760977268218994140625,0,0.4917066097259521484375,2.05108356475830078125,4.809999942779541015625,1.695827960968017578125" boneRefs="11"/>
      <Rigid refID="9" transformation="0.375007927417755126953125,-0.0374965853989124298095703125,-0.926263034343719482421875,0.397550761699676513671875,0.909142673015594482421875,0.12414930760860443115234375,0.8374500274658203125,-0.4147934019565582275390625,0.3558424413204193115234375,0.693597316741943359375,1.2413289546966552734375,3.29440212249755859375" boneRefs="12"/>
      <Rigid refID="10" transformation="-0.2814141213893890380859375,0.10727010667324066162109375,0.953571796417236328125,0.4117386341094970703125,0.911103546619415283203125,0.01901781558990478515625,-0.86676275730133056640625,0.3979741632938385009765625,-0.3005647361278533935546875,2.787622928619384765625,1.9327113628387451171875,2.79848384857177734375" boneRefs="13"/>
      <Rigid refID="11" transformation="1,0,0,0,1,0,0,0,1,0.4000047147274017333984375,0,2.800014972686767578125" boneRefs="14"/>
      <Joint type="hinge">
        <RigidRef rigidRef="1" a="-1,0,0" z="0,1,0" t="0.1500000059604644775390625,0,0"/>
        <RigidRef rigidRef="0" a="-0.98325502872467041015625,0.1822353899478912353515625,0" z="0.1822353899478912353515625,0.98325502872467041015625,0" t="-0.0725120007991790771484375,0.882664978504180908203125,0"/>
      </Joint>
      <Joint type="hinge">
        <RigidRef rigidRef="7" a="0,-1,0" z="0,0,-1" t="0,-0.96000003814697265625,0"/>
        <RigidRef rigidRef="0" a="0,-1,0" z="0,0,1" t="0.4000000059604644775390625,1.42999994754791259765625,0"/>
      </Joint>
      <Joint type="hinge">
        <RigidRef rigidRef="6" a="-1,0,0" z="0,1,0" t="-0.2249999940395355224609375,1.125,0"/>
        <RigidRef rigidRef="0" a="-1,0,0" z="0,1,0" t="0.57500064373016357421875,-0.4749999940395355224609375,0"/>
      </Joint>
      <Joint type="hinge">
        <RigidRef rigidRef="0" a="1,0,0" z="0,1,0" t="0.22550065815448760986328125,-0.4749999940395355224609375,0"/>
        <RigidRef rigidRef="5" a="1,0,0" z="0,1,0" t="0.22550000250339508056640625,1.125,0"/>
      </Joint>
      <Joint type="hinge">
        <RigidRef rigidRef="2" a="1,0,0" z="0,1,0" t="-0.1500000059604644775390625,0,0"/>
        <RigidRef rigidRef="0" a="0.98325502872467041015625,0.1822353899478912353515625,0" z="0.1822353899478912353515625,-0.98325502872467041015625,0" t="0.87251198291778564453125,0.882664978504180908203125,0"/>
      </Joint>
      <Joint type="hinge">
        <RigidRef rigidRef="4" a="0,0,1" z="0,1,0" t="0,0,0.0500000007450580596923828125"/>
        <RigidRef rigidRef="1" a="0,0,1" z="0,1,0" t="-0.20999999344348907470703125,-0.2827430069446563720703125,0.732878983020782470703125"/>
      </Joint>
      <Joint type="hinge">
        <RigidRef rigidRef="2" a="0,0,1" z="0,1,0" t="0.20999999344348907470703125,-0.2826029956340789794921875,0.732878983020782470703125"/>
        <RigidRef rigidRef="3" a="0,0,1" z="0,1,0" t="0,0,-0.0500000007450580596923828125"/>
      </Joint>
      <Joint type="hinge">
        <RigidRef rigidRef="10" a="0,-1,0" z="1,0,0" t="0,0.298554599285125732421875,0"/>
        <RigidRef rigidRef="3" a="0,-1,0" z="-0.382683455944061279296875,0,0.92387950420379638671875" t="0,-0.119999997317790985107421875,0.5"/>
      </Joint>
      <Joint type="hinge">
        <RigidRef rigidRef="9" a="0,-1,0" z="0,0,1" t="0,1.25,0"/>
        <RigidRef rigidRef="4" a="0,-0.965925991535186767578125,-0.2588183581829071044921875" z="1,0,0" t="0,-0.19999988377094268798828125,0.35000002384185791015625"/>
      </Joint>
      <Joint type="hinge">
        <RigidRef rigidRef="11" a="0,1,0" z="0,0,1" t="1.60000002384185791015625,0.319999992847442626953125,-0.80000007152557373046875"/>
        <RigidRef rigidRef="6" a="0,1,0" z="0,0,1" t="0,0,0.050000011920928955078125"/>
      </Joint>
      <Joint type="hinge">
        <RigidRef rigidRef="8" a="0,-1,0" z="0,0,1" t="0,-0.2700000107288360595703125,0"/>
        <RigidRef rigidRef="7" a="0,-1,0" z="1,0,0" t="-0.61000502109527587890625,0.23000000417232513427734375,0"/>
      </Joint>
    </RigidSystem>
    <RigidSystem>
      <Rigid refID="12" transformation="1,0,0,0,1,0,0,0,1,-0.400000035762786865234375,0,3.599999904632568359375" boneRefs="15"/>
    </RigidSystem>
    <RigidSystem>
      <Rigid refID="13" transformation="0.782358646392822265625,0,-0.622828185558319091796875,0,1,0,0.622828185558319091796875,0,0.782358705997467041015625,-1.290713787078857421875,0,3.426914691925048828125" boneRefs="16"/>
    </RigidSystem>
    <RigidSystem>
      <Rigid refID="14" transformation="0.782358646392822265625,0,-0.622828185558319091796875,0,1,0,0.622828185558319091796875,0,0.782358705997467041015625,-0.710755288600921630859375,0.160000264644622802734375,2.90562343597412109375" boneRefs="17"/>
    </RigidSystem>
    <RigidSystem>
      <Rigid refID="15" transformation="0.782358646392822265625,0,-0.622828185558319091796875,0,1,0,0.622828185558319091796875,0,0.782358705997467041015625,-0.643982350826263427734375,0,2.62156200408935546875" boneRefs="18"/>
    </RigidSystem>
    <RigidSystem>
      <Rigid refID="16" transformation="0.782358646392822265625,0,-0.622828185558319091796875,0,1,0,0.622828185558319091796875,0,0.782358705997467041015625,-1.0501654148101806640625,0.3200100362300872802734375,2.666633129119873046875" boneRefs="19"/>
    </RigidSystem>
    <RigidSystem>
      <Rigid refID="17" transformation="0.782358646392822265625,0,-0.622828185558319091796875,0,1,0,0.622828185558319091796875,0,0.782358705997467041015625,-1.496641635894775390625,0.160000324249267578125,3.163885593414306640625" boneRefs="20"/>
    </RigidSystem>
    <RigidSystem>
      <Rigid refID="18" transformation="0.782358646392822265625,0,-0.622828185558319091796875,0,1,0,0.622828185558319091796875,0,0.782358705997467041015625,-2.140507221221923828125,0,3.84171962738037109375" boneRefs="21"/>
    </RigidSystem>
    <RigidSystem>
      <Rigid refID="19" transformation="-0.6228282451629638671875,0,-0.782358646392822265625,0,1,0,0.782358586788177490234375,0,-0.622828185558319091796875,-1.4933681488037109375,0.4800028502941131591796875,2.890165805816650390625" boneRefs="22"/>
    </RigidSystem>
    <RigidSystem>
      <Rigid refID="20" transformation="0.782358586788177490234375,0,-0.622828185558319091796875,0,1,0,0.6228282451629638671875,0,0.782358705997467041015625,-1.7349393367767333984375,0.3200061619281768798828125,3.20173358917236328125" boneRefs="23"/>
    </RigidSystem>
    <RigidSystem>
      <Rigid refID="21" transformation="0.782358646392822265625,0,-0.622828185558319091796875,0,1,0,0.622828185558319091796875,0,0.782358705997467041015625,-2.122528076171875,0.160000324249267578125,3.66214752197265625" boneRefs="24"/>
    </RigidSystem>
    <RigidSystem>
      <Rigid refID="22" transformation="-0.48357093334197998046875,-0.531770408153533935546875,0.695254981517791748046875,-0.3036391735076904296875,0.846888840198516845703125,0.4365576803684234619140625,-0.820952117443084716796875,0,-0.57099711894989013671875,-2.568843841552734375,0.20739252865314483642578125,4.00096416473388671875" boneRefs="25"/>
    </RigidSystem>
    <RigidSystem>
      <Rigid refID="23" transformation="1,0,0,0,1,0,0,0,1,-1.3599998950958251953125,0,2.0800001621246337890625" boneRefs="26"/>
    </RigidSystem>
    <RigidSystem>
      <Rigid refID="24" transformation="-0.69525516033172607421875,-0.531770229339599609375,-0.4835707843303680419921875,-0.4365579187870025634765625,0.8468887805938720703125,-0.3036391437053680419921875,0.57099688053131103515625,0,-0.82095229625701904296875,-2.400965213775634765625,0.207393229007720947265625,3.03115749359130859375" boneRefs="27"/>
    </RigidSystem>
    <RigidSystem>
      <Rigid refID="25" transformation="0.782358646392822265625,0,-0.622828185558319091796875,0,1,0,0.622828185558319091796875,0,0.782358705997467041015625,-0.883982121944427490234375,0,1.6615619659423828125" boneRefs="28"/>
    </RigidSystem>
  </RigidSystems>
  <GroupSystems>
    <GroupSystem>
      <Group transformation="1,0,0,0,1,0,0,0,1,0,0,0" pivot="0,0,0" partRefs="13,3,0,1,2,4,11,9,10,12,5,7,6,8"/>
      <Group transformation="1,0,0,0,1,0,0,0,1,0,0,0" pivot="0,0,0" partRefs="15,17,16,18,19,20,21,22,23,24,25,26,27,28"/>
    </GroupSystem>
  </GroupSystems>
  <BuildingInstructions>
    <BuildingInstruction name="BuildingGuide1">
      <Camera cameraRef="1"/>
      <Step name="Step1">
          <PartRef partRef="28"/>
      </Step>
      <Step name="Step2">
          <PartRef partRef="27"/>
      </Step>
      <Step name="Step3">
          <PartRef partRef="26"/>
      </Step>
      <Camera cameraRef="1"/>
      <Step name="Step4">
          <PartRef partRef="25"/>
      </Step>
      <Step name="Step5">
          <PartRef partRef="24"/>
      </Step>
      <Step name="Step6">
          <PartRef partRef="23"/>
      </Step>
      <Step name="Step7">
          <PartRef partRef="22"/>
      </Step>
      <Camera cameraRef="1"/>
      <Step name="Step8">
          <PartRef partRef="21"/>
      </Step>
      <Step name="Step9">
          <PartRef partRef="20"/>
      </Step>
      <Step name="Step10">
          <PartRef partRef="19"/>
      </Step>
      <Step name="Step11">
          <PartRef partRef="18"/>
      </Step>
      <Camera cameraRef="1"/>
      <Step name="Step12">
          <PartRef partRef="17"/>
      </Step>
      <Step name="Step13">
          <PartRef partRef="16"/>
      </Step>
      <Step name="Step14">
          <PartRef partRef="15"/>
      </Step>
      <Step name="Step15">
        <Camera cameraRef="2"/>
        <Step name="Step15Substep1">
            <PartRef partRef="14"/>
        </Step>
        <Step name="Step15Substep2">
          <Camera cameraRef="3"/>
          <Step name="Step15Substep2Substep1">
              <PartRef partRef="7"/>
              <PartRef partRef="6"/>
              <PartRef partRef="8"/>
              <PartRef partRef="3"/>
              <PartRef partRef="0"/>
              <PartRef partRef="1"/>
              <PartRef partRef="2"/>
              <PartRef partRef="4"/>
              <PartRef partRef="12"/>
              <PartRef partRef="13"/>
          </Step>
          <Camera cameraRef="3"/>
          <Step name="Step15Substep2Substep2">
              <PartRef partRef="5"/>
              <PartRef partRef="10"/>
              <PartRef partRef="9"/>
              <PartRef partRef="11"/>
          </Step>
        </Step>
      </Step>
    </BuildingInstruction>
  </BuildingInstructions>
</LXFML>
