<?xml version="1.0" encoding="UTF-8" standalone="no" ?>
<LXFML versionMajor="5" versionMinor="0" name="test01">
  <Meta>
    <Application name="LEGO Digital Designer" versionMajor="4" versionMinor="3"/>
    <Brand name="LDDExtended"/>
    <BrickSet version="2670"/>
  </Meta>
  <Cameras>
    <Camera refID="0" fieldOfView="80" distance="59.500370025634765625" transformation="0.745014727115631103515625,0,-0.6670482158660888671875,-0.31071913242340087890625,0.88488376140594482421875,-0.347036898136138916015625,0.590259969234466552734375,0.465812146663665771484375,0.65925133228302001953125,35.920635223388671875,31.3050212860107421875,41.625652313232421875"/>
  </Cameras>
  <Bricks cameraRef="0">
    <Brick refID="0" designID="26047">
      <Part refID="0" designID="26047" materials="208">
        <Bone refID="0" transformation="0.2915344536304473876953125,0,0.9565603733062744140625,0,1,0,-0.9565603733062744140625,0,0.2915344536304473876953125,2.799999237060546875,2.8589999675750732421875,3.599979877471923828125">
        </Bone>
      </Part>
    </Brick>
    <Brick refID="1" designID="4085">
      <Part refID="1" designID="4085" materials="208">
        <Bone refID="1" transformation="-0.668772876262664794921875,-0.714980900287628173828125,0.203826427459716796875,0.2915373146533966064453125,0,0.9565594196319580078125,-0.6839210987091064453125,0.6991446018218994140625,0.20844364166259765625,4.0642414093017578125,2.5488178730010986328125,3.047405719757080078125">
        </Bone>
      </Part>
    </Brick>
    <Brick refID="2" designID="2420">
      <Part refID="2" designID="2420" materials="208">
        <Bone refID="2" transformation="0.668772995471954345703125,0.714980781078338623046875,-0.20382644236087799072265625,0.291537344455718994140625,0,0.95655953884124755859375,0.68392086029052734375,-0.699144899845123291015625,-0.20844386518001556396484375,3.9709489345550537109375,2.5488173961639404296875,2.741306304931640625">
        </Bone>
      </Part>
    </Brick>
    <Brick refID="3" designID="11153">
      <Part refID="3" designID="11153" materials="208">
        <Bone refID="3" transformation="0.668773174285888671875,0.714980661869049072265625,-0.203826367855072021484375,0.291537344455718994140625,0,0.95655953884124755859375,0.683920919895172119140625,-0.699144840240478515625,-0.20844389498233795166015625,4.1575336456298828125,2.548816680908203125,3.3535025119781494140625">
        </Bone>
      </Part>
    </Brick>
    <Brick refID="4" designID="11153">
      <Part refID="4" designID="11153" materials="23">
        <Bone refID="4" transformation="0.668772995471954345703125,0.714980781078338623046875,-0.20382650196552276611328125,0.29153740406036376953125,0,0.9565594196319580078125,0.683921039104461669921875,-0.69914472103118896484375,-0.20844364166259765625,4.70467090606689453125,1.98950111865997314453125,3.1867504119873046875">
        </Bone>
      </Part>
    </Brick>
    <Brick refID="5" designID="11477">
      <Part refID="5" designID="11477" materials="111">
        <Bone refID="5" transformation="0,0,1,0,1,0,-1,0,0,0.7999999523162841796875,3.17999935150146484375,5.1999874114990234375">
        </Bone>
      </Part>
    </Brick>
    <Brick refID="6" designID="3024">
      <Part refID="6" designID="3024" materials="26">
        <Bone refID="6" transformation="0,0,1,0,1,0,-1,0,0,0.7999999523162841796875,2.8599994182586669921875,5.1999874114990234375">
        </Bone>
      </Part>
    </Brick>
    <Brick refID="7" designID="3623">
      <Part refID="7" designID="3623" materials="26">
        <Bone refID="7" transformation="0,0,-1,0,1,0,1,0,0,0.7999999523162841796875,2.539999485015869140625,6.79998493194580078125">
        </Bone>
      </Part>
    </Brick>
    <Brick refID="8" designID="3794">
      <Part refID="8" designID="3794" materials="23">
        <Bone refID="8" transformation="1,0,0,0,1,0,0,0,1,1.9999997615814208984375,2.5389995574951171875,5.999980449676513671875">
        </Bone>
      </Part>
    </Brick>
    <Brick refID="9" designID="3024">
      <Part refID="9" designID="3024" materials="194">
        <Bone refID="9" transformation="0,0,1,0,1,0,-1,0,0,1.9999997615814208984375,2.2189998626708984375,5.999980449676513671875">
        </Bone>
      </Part>
    </Brick>
    <Brick refID="10" designID="3710">
      <Part refID="10" designID="3710" materials="194">
        <Bone refID="10" transformation="1,0,0,0,1,0,0,0,1,-0.3999941349029541015625,1.8999996185302734375,5.999988079071044921875">
        </Bone>
      </Part>
    </Brick>
    <Brick refID="11" designID="3794">
      <Part refID="11" designID="3794" materials="194">
        <Bone refID="11" transformation="1,0,0,0,1,0,0,0,1,0.40000593662261962890625,2.2199993133544921875,5.999988079071044921875">
        </Bone>
      </Part>
    </Brick>
    <Brick refID="12" designID="3022">
      <Part refID="12" designID="3022" materials="194">
        <Bone refID="12" transformation="1,0,0,0,1,0,0,0,1,0.40000498294830322265625,1.57999956607818603515625,5.999988079071044921875">
        </Bone>
      </Part>
    </Brick>
    <Brick refID="13" designID="3794">
      <Part refID="13" designID="3794" materials="194">
        <Bone refID="13" transformation="1,0,0,0,1,0,0,0,1,0.40000498294830322265625,2.2199993133544921875,5.199985027313232421875">
        </Bone>
      </Part>
    </Brick>
    <Brick refID="14" designID="3023">
      <Part refID="14" designID="3023" materials="194">
        <Bone refID="14" transformation="1,0,0,0,1,0,0,0,1,0.40000498294830322265625,1.8999996185302734375,5.199985027313232421875">
        </Bone>
      </Part>
    </Brick>
    <Brick refID="15" designID="3710">
      <Part refID="15" designID="3710" materials="194">
        <Bone refID="15" transformation="1,0,0,0,1,0,0,0,1,-0.3999941349029541015625,1.25999963283538818359375,5.999988079071044921875">
        </Bone>
      </Part>
    </Brick>
    <Brick refID="16" designID="3022">
      <Part refID="16" designID="3022" materials="194">
        <Bone refID="16" transformation="1,0,0,0,1,0,0,0,1,0.40000498294830322265625,1.26000225543975830078125,5.199973583221435546875">
        </Bone>
      </Part>
    </Brick>
    <Brick refID="17" designID="11211">
      <Part refID="17" designID="11211" materials="26">
        <Bone refID="17" transformation="-1,0,0,0,1,0,0,0,-1,1.19999849796295166015625,1.57999980449676513671875,4.399979114532470703125">
        </Bone>
      </Part>
    </Brick>
    <Brick refID="18" designID="85984">
      <Part refID="18" designID="85984" materials="26,0" decoration="616009">
        <Bone refID="18" transformation="0,1,0,0,0,-1,-1,0,0,0.39999854564666748046875,2.139999866485595703125,3.999978542327880859375">
        </Bone>
      </Part>
    </Brick>
    <Brick refID="19" designID="3020">
      <Part refID="19" designID="3020" materials="194">
        <Bone refID="19" transformation="1,0,0,0,1,0,0,0,1,-0.3999941349029541015625,0.93999958038330078125,6.799991130828857421875">
        </Bone>
      </Part>
    </Brick>
    <Brick refID="20" designID="50943">
      <Part refID="20" designID="50943" materials="23">
        <Bone refID="20" transformation="0,0,1,0,1,0,-1,0,0,1.20000422000885009765625,1.25999963283538818359375,6.799991130828857421875">
        </Bone>
      </Part>
    </Brick>
    <Brick refID="21" designID="18980">
      <Part refID="21" designID="18980" materials="26">
        <Bone refID="21" transformation="1,0,0,0,1,0,0,0,1,-1.1999933719635009765625,0.6199986934661865234375,6.799991130828857421875">
        </Bone>
      </Part>
    </Brick>
    <Brick refID="22" designID="42446">
      <Part refID="22" designID="42446" materials="208">
        <Bone refID="22" transformation="-1,0,0,0,-1,0,0,0,1,1.20000803470611572265625,1.06000232696533203125,7.599990367889404296875">
        </Bone>
      </Part>
    </Brick>
    <Brick refID="23" designID="3069">
      <Part refID="23" designID="3069" materials="1,0" decoration="88252">
        <Bone refID="23" transformation="1,0,0,0,0,1,0,-1,0,0.39978754520416259765625,1.46000230312347412109375,8.119991302490234375">
        </Bone>
      </Part>
    </Brick>
    <Brick refID="24" designID="3021">
      <Part refID="24" designID="3021" materials="26">
        <Bone refID="24" transformation="0,0,-1,0,1,0,1,0,0,1.20000422000885009765625,0.6199986934661865234375,5.999989986419677734375">
        </Bone>
      </Part>
    </Brick>
    <Brick refID="25" designID="18975">
      <Part refID="25" designID="18975" materials="199">
        <Bone refID="25" transformation="0,0,1,0,1,0,-1,0,0,-0.3999941349029541015625,0.299999713897705078125,4.399980068206787109375">
        </Bone>
      </Part>
    </Brick>
    <Brick refID="26" designID="18974">
      <Part refID="26" designID="18974" materials="208">
        <Bone refID="26" transformation="0,0,-1,0,1,0,1,0,0,1.9999997615814208984375,1.5789997577667236328125,5.999980449676513671875">
        </Bone>
      </Part>
    </Brick>
    <Brick refID="27" designID="3069">
      <Part refID="27" designID="3069" materials="208,0" decoration="0">
        <Bone refID="27" transformation="0,0,-1,0,1,0,1,0,0,2.799999713897705078125,3.1799995899200439453125,4.400203227996826171875">
        </Bone>
      </Part>
    </Brick>
    <Brick refID="28" designID="3024">
      <Part refID="28" designID="3024" materials="208">
        <Bone refID="28" transformation="0,0,1,0,1,0,-1,0,0,2.7999994754791259765625,2.85999965667724609375,4.399980068206787109375">
        </Bone>
      </Part>
    </Brick>
    <Brick refID="29" designID="3794">
      <Part refID="29" designID="3794" materials="23">
        <Bone refID="29" transformation="1,0,0,0,1,0,0,0,1,1.9999997615814208984375,2.85999965667724609375,5.199981212615966796875">
        </Bone>
      </Part>
    </Brick>
    <Brick refID="30" designID="50746">
      <Part refID="30" designID="50746" materials="26">
        <Bone refID="30" transformation="-1,0,0,0,1,0,0,0,-1,1.9999997615814208984375,1.8999996185302734375,3.599980831146240234375">
        </Bone>
      </Part>
    </Brick>
    <Brick refID="31" designID="6141">
      <Part refID="31" designID="6141" materials="199">
        <Bone refID="31" transformation="-1,0,0,0,1,0,0,0,-1,1.9999997615814208984375,1.259999752044677734375,3.599975109100341796875">
        </Bone>
      </Part>
    </Brick>
    <Brick refID="32" designID="3022">
      <Part refID="32" designID="3022" materials="199">
        <Bone refID="32" transformation="1,0,0,0,1,0,0,0,1,0.40000641345977783203125,0.299998760223388671875,6.799991130828857421875">
        </Bone>
      </Part>
    </Brick>
    <Brick refID="33" designID="42446">
      <Part refID="33" designID="42446" materials="208">
        <Bone refID="33" transformation="-1,0,0,0,-1,0,0,0,1,0.40000879764556884765625,1.06000232696533203125,7.599990367889404296875">
        </Bone>
      </Part>
    </Brick>
    <Brick refID="34" designID="30029">
      <Part refID="34" designID="30029" materials="23">
        <Bone refID="34" transformation="0,0,1,0,1,0,-1,0,0,0.40000498294830322265625,0.9400022029876708984375,-2.000027179718017578125">
        </Bone>
      </Part>
    </Brick>
    <Brick refID="35" designID="24299">
      <Part refID="35" designID="24299" materials="208">
        <Bone refID="35" transformation="0,0,-1,0,1,0,1,0,0,2.0000035762786865234375,0.6199986934661865234375,1.999976634979248046875">
        </Bone>
      </Part>
    </Brick>
    <Brick refID="36" designID="41770">
      <Part refID="36" designID="41770" materials="26">
        <Bone refID="36" transformation="0,0,-1,0,1,0,1,0,0,2.0000035762786865234375,0.299998760223388671875,1.999976634979248046875">
        </Bone>
      </Part>
    </Brick>
    <Brick refID="37" designID="3710">
      <Part refID="37" designID="3710" materials="208">
        <Bone refID="37" transformation="0,0,-1,0,1,0,1,0,0,2.0000073909759521484375,0.6199986934661865234375,0.399976253509521484375">
        </Bone>
      </Part>
    </Brick>
    <Brick refID="38" designID="3023">
      <Part refID="38" designID="3023" materials="208">
        <Bone refID="38" transformation="0,0,-1,0,1,0,1,0,0,2.0000073909759521484375,0.9400022029876708984375,-1.200024127960205078125">
        </Bone>
      </Part>
    </Brick>
    <Brick refID="39" designID="3023">
      <Part refID="39" designID="3023" materials="26">
        <Bone refID="39" transformation="0,0,-1,0,1,0,1,0,0,2.0000050067901611328125,0.62000215053558349609375,3.599973201751708984375">
        </Bone>
      </Part>
    </Brick>
    <Brick refID="40" designID="73081">
      <Part refID="40" designID="3829" materials="194">
        <Bone refID="40" transformation="-1,0,0,0,1,0,0,0,-1,1.20000422000885009765625,1.58199977874755859375,2.799975872039794921875">
        </Bone>
      </Part>
      <Part refID="41" designID="3828" materials="26">
        <Bone refID="41" transformation="0,0.819151937961578369140625,0.57357656955718994140625,0,0.57357656955718994140625,-0.819151937961578369140625,-1,0,0,0.80000007152557373046875,2.7980363368988037109375,3.029841899871826171875">
        </Bone>
      </Part>
    </Brick>
    <Brick refID="41" designID="2877">
      <Part refID="42" designID="2877" materials="194">
        <Bone refID="42" transformation="-1,0,0,0,1,0,0,0,-1,1.20000422000885009765625,0.6219997406005859375,2.799975872039794921875">
        </Bone>
      </Part>
    </Brick>
    <Brick refID="42" designID="85080">
      <Part refID="43" designID="85080" materials="23">
        <Bone refID="43" transformation="0,0,-1,0,1,0,1,0,0,2.0000035762786865234375,1.259999752044677734375,-0.400028705596923828125">
        </Bone>
      </Part>
    </Brick>
    <Brick refID="43" designID="85984">
      <Part refID="44" designID="85984" materials="1,0" decoration="0">
        <Bone refID="44" transformation="0,0,1,0,1,0,-1,0,0,0.40000617504119873046875,0.62200224399566650390625,0.39997196197509765625">
        </Bone>
      </Part>
    </Brick>
    <Brick refID="44" designID="50943">
      <Part refID="45" designID="50943" materials="23">
        <Bone refID="45" transformation="0,0,1,0,1,0,-1,0,0,-0.3999941349029541015625,1.25999963283538818359375,6.799991130828857421875">
        </Bone>
      </Part>
    </Brick>
    <Brick refID="45" designID="3024">
      <Part refID="46" designID="3024" materials="194">
        <Bone refID="46" transformation="0,0,1,0,1,0,-1,0,0,-0.3999979496002197265625,2.2189998626708984375,5.999989986419677734375">
        </Bone>
      </Part>
    </Brick>
    <Brick refID="46" designID="3021">
      <Part refID="47" designID="3021" materials="194">
        <Bone refID="47" transformation="0,0,1,0,1,0,-1,0,0,0.40000116825103759765625,0.6199986934661865234375,-2.800026416778564453125">
        </Bone>
      </Part>
    </Brick>
    <Brick refID="47" designID="3666">
      <Part refID="48" designID="3666" materials="26">
        <Bone refID="48" transformation="1,0,0,0,1,0,0,0,1,-1.1999928951263427734375,0.299998760223388671875,-1.200023651123046875">
        </Bone>
      </Part>
    </Brick>
    <Brick refID="48" designID="18975">
      <Part refID="49" designID="18975" materials="199">
        <Bone refID="49" transformation="0,0,1,0,1,0,-1,0,0,-0.3999865055084228515625,0.299999713897705078125,-3.600023746490478515625">
        </Bone>
      </Part>
    </Brick>
    <Brick refID="49" designID="18974">
      <Part refID="50" designID="18974" materials="208">
        <Bone refID="50" transformation="0,0,-1,0,1,0,1,0,0,2.0000073909759521484375,1.5789997577667236328125,-2.000025272369384765625">
        </Bone>
      </Part>
    </Brick>
    <Brick refID="50" designID="3069">
      <Part refID="51" designID="3069" materials="26,0" decoration="0">
        <Bone refID="51" transformation="0,0,-1,0,1,0,1,0,0,2.8000030517578125,2.860000133514404296875,-2.799797534942626953125">
        </Bone>
      </Part>
    </Brick>
    <Brick refID="51" designID="3070">
      <Part refID="52" designID="3070" materials="26,0" decoration="0">
        <Bone refID="52" transformation="1,0,0,0,1,0,0,0,1,2.800006866455078125,2.858999729156494140625,-2.000025272369384765625">
        </Bone>
      </Part>
    </Brick>
    <Brick refID="52" designID="3024">
      <Part refID="53" designID="3024" materials="208">
        <Bone refID="53" transformation="0,0,1,0,1,0,-1,0,0,2.800006866455078125,2.539000034332275390625,-2.000025272369384765625">
        </Bone>
      </Part>
    </Brick>
    <Brick refID="53" designID="6141">
      <Part refID="54" designID="6141" materials="41">
        <Bone refID="54" transformation="1,0,0,0,1,0,0,0,1,2.800006866455078125,2.539000034332275390625,-4.400024890899658203125">
        </Bone>
      </Part>
    </Brick>
    <Brick refID="54" designID="25269">
      <Part refID="55" designID="25269" materials="26,0" decoration="0">
        <Bone refID="55" transformation="-1,0,0,0,1,0,0,0,-1,2.800006866455078125,2.858999729156494140625,-4.400022983551025390625">
        </Bone>
      </Part>
    </Brick>
    <Brick refID="55" designID="3024">
      <Part refID="56" designID="3024" materials="26">
        <Bone refID="56" transformation="0,0,1,0,1,0,-1,0,0,2.0000073909759521484375,2.219999790191650390625,-4.400024890899658203125">
        </Bone>
      </Part>
    </Brick>
    <Brick refID="56" designID="3024">
      <Part refID="57" designID="3024" materials="26">
        <Bone refID="57" transformation="0,0,1,0,1,0,-1,0,0,2.0000073909759521484375,1.8999998569488525390625,-4.400024890899658203125">
        </Bone>
      </Part>
    </Brick>
    <Brick refID="57" designID="24299">
      <Part refID="58" designID="24299" materials="26">
        <Bone refID="58" transformation="-1,0,0,0,1,0,0,0,-1,1.9999997615814208984375,2.53999996185302734375,-4.400026798248291015625">
        </Bone>
      </Part>
    </Brick>
    <Brick refID="58" designID="3024">
      <Part refID="59" designID="3024" materials="26">
        <Bone refID="59" transformation="0,0,1,0,1,0,-1,0,0,2.0000011920928955078125,1.2589995861053466796875,-4.400028705596923828125">
        </Bone>
      </Part>
    </Brick>
    <Brick refID="59" designID="3024">
      <Part refID="60" designID="3024" materials="26">
        <Bone refID="60" transformation="0,0,1,0,1,0,-1,0,0,2.0000011920928955078125,0.938999652862548828125,-4.400028705596923828125">
        </Bone>
      </Part>
    </Brick>
    <Brick refID="60" designID="2420">
      <Part refID="61" designID="2420" materials="26">
        <Bone refID="61" transformation="0,0,-1,0,1,0,1,0,0,1.20000112056732177734375,0.6189997196197509765625,-3.600029468536376953125">
        </Bone>
      </Part>
    </Brick>
    <Brick refID="61" designID="6141">
      <Part refID="62" designID="6141" materials="199">
        <Bone refID="62" transformation="-1,0,0,0,1,0,0,0,-1,2.0000035762786865234375,2.219999790191650390625,-2.000023365020751953125">
        </Bone>
      </Part>
    </Brick>
    <Brick refID="62" designID="2420">
      <Part refID="63" designID="2420" materials="26">
        <Bone refID="63" transformation="-1,0,0,0,1,0,0,0,-1,2.0000035762786865234375,1.8999996185302734375,-2.000025272369384765625">
        </Bone>
      </Part>
    </Brick>
    <Brick refID="63" designID="3794">
      <Part refID="64" designID="3794" materials="26">
        <Bone refID="64" transformation="1,0,0,0,1,0,0,0,1,0.40001642704010009765625,2.85999965667724609375,-2.000017642974853515625">
        </Bone>
      </Part>
    </Brick>
    <Brick refID="64" designID="3710">
      <Part refID="65" designID="3710" materials="26">
        <Bone refID="65" transformation="1,0,0,0,1,0,0,0,1,-0.3999941349029541015625,2.53999996185302734375,-2.000025272369384765625">
        </Bone>
      </Part>
    </Brick>
    <Brick refID="65" designID="3021">
      <Part refID="66" designID="3021" materials="26">
        <Bone refID="66" transformation="0,0,-1,0,1,0,1,0,0,1.20000422000885009765625,2.219999790191650390625,-2.000025272369384765625">
        </Bone>
      </Part>
    </Brick>
    <Brick refID="66" designID="3794">
      <Part refID="67" designID="3794" materials="26">
        <Bone refID="67" transformation="1,0,0,0,1,0,0,0,1,0.40001642704010009765625,2.85999965667724609375,-2.800016880035400390625">
        </Bone>
      </Part>
    </Brick>
    <Brick refID="67" designID="3022">
      <Part refID="68" designID="3022" materials="26">
        <Bone refID="68" transformation="1,0,0,0,1,0,0,0,1,0.40000498294830322265625,2.53999996185302734375,-2.800024509429931640625">
        </Bone>
      </Part>
    </Brick>
    <Brick refID="68" designID="3069">
      <Part refID="69" designID="3069" materials="26,0" decoration="0">
        <Bone refID="69" transformation="-1,0,0,0,1,0,0,0,-1,1.20022547245025634765625,2.85999965667724609375,-3.600025653839111328125">
        </Bone>
      </Part>
    </Brick>
    <Brick refID="69" designID="3022">
      <Part refID="70" designID="3022" materials="26">
        <Bone refID="70" transformation="1,0,0,0,1,0,0,0,1,0.40000116825103759765625,1.5799996852874755859375,-2.000025272369384765625">
        </Bone>
      </Part>
    </Brick>
    <Brick refID="70" designID="2420">
      <Part refID="71" designID="2420" materials="26">
        <Bone refID="71" transformation="-1,0,0,0,1,0,0,0,-1,1.9999997615814208984375,1.259999752044677734375,-2.000027179718017578125">
        </Bone>
      </Part>
    </Brick>
    <Brick refID="71" designID="3065">
      <Part refID="72" designID="3065" materials="26">
        <Bone refID="72" transformation="1,0,0,0,1,0,0,0,1,0.40000116825103759765625,1.25899982452392578125,-3.600027561187744140625">
        </Bone>
      </Part>
    </Brick>
    <Brick refID="72" designID="11211">
      <Part refID="73" designID="11211" materials="208">
        <Bone refID="73" transformation="-1,0,0,0,1,0,0,0,-1,1.20000422000885009765625,1.5789997577667236328125,-4.400028705596923828125">
        </Bone>
      </Part>
    </Brick>
    <Brick refID="73" designID="99206">
      <Part refID="74" designID="99206" materials="208">
        <Bone refID="74" transformation="0,0,1,0,1,0,-1,0,0,0.40000116825103759765625,0.938999652862548828125,-4.400028705596923828125">
        </Bone>
      </Part>
    </Brick>
    <Brick refID="74" designID="3794">
      <Part refID="75" designID="3794" materials="26">
        <Bone refID="75" transformation="1,0,0,0,0,-1,0,1,0,0.39999735355377197265625,2.138999462127685546875,-5.120029926300048828125">
        </Bone>
      </Part>
    </Brick>
    <Brick refID="75" designID="3020">
      <Part refID="76" designID="3020" materials="26">
        <Bone refID="76" transformation="1,0,0,0,0,-1,0,1,0,-0.4000017642974853515625,2.138999462127685546875,-4.800030231475830078125">
        </Bone>
      </Part>
    </Brick>
    <Brick refID="76" designID="3710">
      <Part refID="77" designID="3710" materials="199">
        <Bone refID="77" transformation="1,0,0,0,1,0,0,0,1,-0.3999927043914794921875,0.299998760223388671875,-2.000023365020751953125">
        </Bone>
      </Part>
    </Brick>
    <Brick refID="77" designID="3794">
      <Part refID="78" designID="3794" materials="23">
        <Bone refID="78" transformation="1,0,0,0,1,0,0,0,1,-1.1999981403350830078125,2.5389995574951171875,5.999989986419677734375">
        </Bone>
      </Part>
    </Brick>
    <Brick refID="78" designID="85080">
      <Part refID="79" designID="85080" materials="23">
        <Bone refID="79" transformation="-1,0,0,0,1,0,0,0,-1,0.40000116825103759765625,1.25999987125396728515625,-1.200031757354736328125">
        </Bone>
      </Part>
    </Brick>
    <Brick refID="79" designID="3069">
      <Part refID="80" designID="3069" materials="1,0" decoration="88252">
        <Bone refID="80" transformation="-1,0,0,0,0,-1,0,-1,0,1.20021784305572509765625,1.338999271392822265625,-5.120029926300048828125">
        </Bone>
      </Part>
    </Brick>
    <Brick refID="80" designID="2420">
      <Part refID="81" designID="2420" materials="26">
        <Bone refID="81" transformation="0,0,1,0,1,0,-1,0,0,0.40001261234283447265625,1.8999996185302734375,-2.800022602081298828125">
        </Bone>
      </Part>
    </Brick>
    <Brick refID="81" designID="6141">
      <Part refID="82" designID="6141" materials="199">
        <Bone refID="82" transformation="-1,0,0,0,1,0,0,0,-1,-0.3999979496002197265625,1.259999752044677734375,3.599986553192138671875">
        </Bone>
      </Part>
    </Brick>
    <Brick refID="82" designID="50746">
      <Part refID="83" designID="50746" materials="26">
        <Bone refID="83" transformation="-1,0,0,0,1,0,0,0,-1,-0.3999941349029541015625,1.26000213623046875,2.799973964691162109375">
        </Bone>
      </Part>
    </Brick>
    <Brick refID="83" designID="6141">
      <Part refID="84" designID="6141" materials="199">
        <Bone refID="84" transformation="-1,0,0,0,1,0,0,0,-1,-0.3999865055084228515625,2.219999790191650390625,-2.000021457672119140625">
        </Bone>
      </Part>
    </Brick>
    <Brick refID="84" designID="2420">
      <Part refID="85" designID="2420" materials="26">
        <Bone refID="85" transformation="0,0,1,0,1,0,-1,0,0,0.40000116825103759765625,1.259999752044677734375,-2.800028324127197265625">
        </Bone>
      </Part>
    </Brick>
    <Brick refID="85" designID="3023">
      <Part refID="86" designID="3023" materials="26">
        <Bone refID="86" transformation="0,0,-1,0,1,0,1,0,0,-0.3999950885772705078125,0.620002269744873046875,3.599973201751708984375">
        </Bone>
      </Part>
    </Brick>
    <Brick refID="86" designID="18974">
      <Part refID="87" designID="18974" materials="208">
        <Bone refID="87" transformation="0,0,1,0,1,0,-1,0,0,-0.3999979496002197265625,1.57899963855743408203125,3.599990367889404296875">
        </Bone>
      </Part>
    </Brick>
    <Brick refID="87" designID="3794">
      <Part refID="88" designID="3794" materials="23">
        <Bone refID="88" transformation="1,0,0,0,1,0,0,0,1,-1.1999981403350830078125,2.85999965667724609375,5.199990749359130859375">
        </Bone>
      </Part>
    </Brick>
    <Brick refID="88" designID="3069">
      <Part refID="89" designID="3069" materials="208,0" decoration="0">
        <Bone refID="89" transformation="0,0,-1,0,1,0,1,0,0,-1.1999990940093994140625,3.17999935150146484375,4.400213718414306640625">
        </Bone>
      </Part>
    </Brick>
    <Brick refID="89" designID="3024">
      <Part refID="90" designID="3024" materials="208">
        <Bone refID="90" transformation="0,0,1,0,1,0,-1,0,0,-1.1999981403350830078125,2.85999965667724609375,4.399990558624267578125">
        </Bone>
      </Part>
    </Brick>
    <Brick refID="90" designID="50746">
      <Part refID="91" designID="50746" materials="26">
        <Bone refID="91" transformation="-1,0,0,0,1,0,0,0,-1,-0.3999979496002197265625,1.8999996185302734375,3.599991321563720703125">
        </Bone>
      </Part>
    </Brick>
    <Brick refID="91" designID="3710">
      <Part refID="92" designID="3710" materials="208">
        <Bone refID="92" transformation="0,0,-1,0,1,0,1,0,0,-0.3999941349029541015625,0.6199986934661865234375,0.399976253509521484375">
        </Bone>
      </Part>
    </Brick>
    <Brick refID="92" designID="3023">
      <Part refID="93" designID="3023" materials="208">
        <Bone refID="93" transformation="0,0,-1,0,1,0,1,0,0,-0.3999941349029541015625,0.9399998188018798828125,-1.200026035308837890625">
        </Bone>
      </Part>
    </Brick>
    <Brick refID="93" designID="2420">
      <Part refID="94" designID="2420" materials="26">
        <Bone refID="94" transformation="1,0,0,0,1,0,0,0,1,-0.3999989032745361328125,0.6189997196197509765625,-4.400028705596923828125">
        </Bone>
      </Part>
    </Brick>
    <Brick refID="94" designID="24307">
      <Part refID="95" designID="24307" materials="208">
        <Bone refID="95" transformation="0,0,-1,0,1,0,1,0,0,-0.3999941349029541015625,0.6199986934661865234375,1.999972820281982421875">
        </Bone>
      </Part>
    </Brick>
    <Brick refID="95" designID="41769">
      <Part refID="96" designID="41769" materials="26">
        <Bone refID="96" transformation="0,0,-1,0,1,0,1,0,0,-0.3999941349029541015625,0.299998760223388671875,1.99997615814208984375">
        </Bone>
      </Part>
    </Brick>
    <Brick refID="96" designID="3024">
      <Part refID="97" designID="3024" materials="26">
        <Bone refID="97" transformation="0,0,1,0,1,0,-1,0,0,-0.3999989032745361328125,1.2589995861053466796875,-4.400028705596923828125">
        </Bone>
      </Part>
    </Brick>
    <Brick refID="97" designID="3024">
      <Part refID="98" designID="3024" materials="26">
        <Bone refID="98" transformation="0,0,1,0,1,0,-1,0,0,-0.3999989032745361328125,0.938999652862548828125,-4.400028705596923828125">
        </Bone>
      </Part>
    </Brick>
    <Brick refID="98" designID="18974">
      <Part refID="99" designID="18974" materials="208">
        <Bone refID="99" transformation="0,0,1,0,1,0,-1,0,0,-0.3999903202056884765625,1.5789997577667236328125,-4.400024890899658203125">
        </Bone>
      </Part>
    </Brick>
    <Brick refID="99" designID="3069">
      <Part refID="100" designID="3069" materials="26,0" decoration="0">
        <Bone refID="100" transformation="0,0,-1,0,1,0,1,0,0,-1.1999895572662353515625,2.860000133514404296875,-2.799801349639892578125">
        </Bone>
      </Part>
    </Brick>
    <Brick refID="100" designID="3070">
      <Part refID="101" designID="3070" materials="26,0" decoration="0">
        <Bone refID="101" transformation="1,0,0,0,1,0,0,0,1,-1.1999895572662353515625,2.858999729156494140625,-2.000025272369384765625">
        </Bone>
      </Part>
    </Brick>
    <Brick refID="101" designID="3024">
      <Part refID="102" designID="3024" materials="208">
        <Bone refID="102" transformation="0,0,1,0,1,0,-1,0,0,-1.1999895572662353515625,2.539000034332275390625,-2.000025272369384765625">
        </Bone>
      </Part>
    </Brick>
    <Brick refID="102" designID="24307">
      <Part refID="103" designID="24307" materials="26">
        <Bone refID="103" transformation="1,0,0,0,1,0,0,0,1,-0.3999979496002197265625,2.53999996185302734375,-4.400026798248291015625">
        </Bone>
      </Part>
    </Brick>
    <Brick refID="103" designID="3024">
      <Part refID="104" designID="3024" materials="26">
        <Bone refID="104" transformation="0,0,1,0,1,0,-1,0,0,-0.3999903202056884765625,2.219999790191650390625,-4.400024890899658203125">
        </Bone>
      </Part>
    </Brick>
    <Brick refID="104" designID="3024">
      <Part refID="105" designID="3024" materials="26">
        <Bone refID="105" transformation="0,0,1,0,1,0,-1,0,0,-0.3999903202056884765625,1.8999998569488525390625,-4.400024890899658203125">
        </Bone>
      </Part>
    </Brick>
    <Brick refID="105" designID="6141">
      <Part refID="106" designID="6141" materials="41">
        <Bone refID="106" transformation="1,0,0,0,1,0,0,0,1,-1.1999895572662353515625,2.539000034332275390625,-4.400024890899658203125">
        </Bone>
      </Part>
    </Brick>
    <Brick refID="106" designID="25269">
      <Part refID="107" designID="25269" materials="26,26" decoration="0">
        <Bone refID="107" transformation="0,0,1,0,1,0,-1,0,0,-1.1999895572662353515625,2.858999729156494140625,-4.400022983551025390625">
        </Bone>
      </Part>
    </Brick>
    <Brick refID="107" designID="93606">
      <Part refID="108" designID="93606" materials="208">
        <Bone refID="108" transformation="0,0,1,0,1,0,-1,0,0,1.59999942779541015625,3.1789996623992919921875,5.1999797821044921875">
        </Bone>
      </Part>
    </Brick>
    <Brick refID="108" designID="2412">
      <Part refID="109" designID="2412" materials="26">
        <Bone refID="109" transformation="1,0,0,0,1,0,0,0,1,0.400001049041748046875,2.8599998950958251953125,-0.400030612945556640625">
        </Bone>
      </Part>
    </Brick>
    <Brick refID="109" designID="51739">
      <Part refID="110" designID="51739" materials="26">
        <Bone refID="110" transformation="-1,0,0,0,1,0,0,0,-1,2.000003337860107421875,2.53999996185302734375,-0.400030612945556640625">
        </Bone>
      </Part>
    </Brick>
    <Brick refID="110" designID="85984">
      <Part refID="111" designID="85984" materials="26,0" decoration="0">
        <Bone refID="111" transformation="0,0,1,0,1,0,-1,0,0,0.400004863739013671875,2.860000133514404296875,-1.200031757354736328125">
        </Bone>
      </Part>
    </Brick>
    <Brick refID="111" designID="51739">
      <Part refID="112" designID="51739" materials="26">
        <Bone refID="112" transformation="-1,0,0,0,1,0,0,0,-1,2.000003337860107421875,2.2200000286102294921875,-0.400030612945556640625">
        </Bone>
      </Part>
    </Brick>
    <Brick refID="112" designID="18973">
      <Part refID="113" designID="18973" materials="111">
        <Bone refID="113" transformation="0,0,-1,0,1,0,1,0,0,2.000003337860107421875,2.8599998950958251953125,-0.400026798248291015625">
        </Bone>
      </Part>
    </Brick>
    <Brick refID="113" designID="3666">
      <Part refID="114" designID="3666" materials="208">
        <Bone refID="114" transformation="1,0,0,0,1,0,0,0,1,-1.200001239776611328125,2.539000034332275390625,3.5999796390533447265625">
        </Bone>
      </Part>
    </Brick>
    <Brick refID="114" designID="93606">
      <Part refID="115" designID="93606" materials="208">
        <Bone refID="115" transformation="0,0,1,0,1,0,-1,0,0,-0.7999985218048095703125,3.1789996623992919921875,5.19999027252197265625">
        </Bone>
      </Part>
    </Brick>
    <Brick refID="115" designID="18977">
      <Part refID="116" designID="18977" materials="26">
        <Bone refID="116" transformation="0,0,-1,0,1,0,1,0,0,2.400001049041748046875,1.2000000476837158203125,4.799979686737060546875">
        </Bone>
      </Part>
    </Brick>
    <Brick refID="116" designID="18976">
      <Part refID="117" designID="18976" materials="315">
        <Bone refID="117" transformation="0,0,-1,0,1,0,1,0,0,2.400001049041748046875,1.2000000476837158203125,4.799979686737060546875">
        </Bone>
      </Part>
    </Brick>
    <Brick refID="117" designID="43093">
      <Part refID="118" designID="43093" materials="5">
        <Bone refID="118" transformation="0,0,-1,0,1,0,1,0,0,3.200000286102294921875,1.2000000476837158203125,4.799979686737060546875">
        </Bone>
      </Part>
    </Brick>
    <Brick refID="118" designID="50746">
      <Part refID="119" designID="50746" materials="26">
        <Bone refID="119" transformation="1,0,0,0,1,0,0,0,1,2.800007343292236328125,2.5399987697601318359375,-1.20002329349517822265625">
        </Bone>
      </Part>
    </Brick>
    <Brick refID="119" designID="18653">
      <Part refID="120" designID="18653" materials="208">
        <Bone refID="120" transformation="0,0,-1,0,1,0,1,0,0,2.800007343292236328125,0.6199986934661865234375,0.39997661113739013671875">
        </Bone>
      </Part>
    </Brick>
    <Brick refID="120" designID="11477">
      <Part refID="121" designID="11477" materials="26">
        <Bone refID="121" transformation="1,0,0,0,0,-1,0,1,0,1.999995708465576171875,2.13899993896484375,-5.12002849578857421875">
        </Bone>
      </Part>
    </Brick>
    <Brick refID="121" designID="24201">
      <Part refID="122" designID="24201" materials="23">
        <Bone refID="122" transformation="1,0,0,0,1,0,0,0,1,2.00000476837158203125,0.620002269744873046875,2.7999732494354248046875">
        </Bone>
      </Part>
    </Brick>
    <Brick refID="122" designID="26047">
      <Part refID="123" designID="26047" materials="208">
        <Bone refID="123" transformation="0.998265445232391357421875,0,-0.058875150978565216064453125,0,1,0,0.058875150978565216064453125,0,0.998265445232391357421875,-1.1999986171722412109375,2.858999729156494140625,3.59999370574951171875">
        </Bone>
      </Part>
    </Brick>
    <Brick refID="123" designID="2420">
      <Part refID="124" designID="2420" materials="208">
        <Bone refID="124" transformation="0.000885172223206609487533569335938,0.999887049198150634765625,0.015009857714176177978515625,-0.99826538562774658203125,0,0.058874793350696563720703125,0.0588681399822235107421875,-0.015035933814942836761474609375,0.998152554035186767578125,-0.8164398670196533203125,1.5209977626800537109375,1.9506165981292724609375">
        </Bone>
      </Part>
    </Brick>
    <Brick refID="124" designID="4085">
      <Part refID="125" designID="4085" materials="208">
        <Bone refID="125" transformation="-0.05886815488338470458984375,0.015035875141620635986328125,-0.998152554035186767578125,-0.998265326023101806640625,0,0.0588748790323734283447265625,0.000885169603861868381500244140625,0.999887049198150634765625,0.015009798109531402587890625,-1.0880830287933349609375,2.308878421783447265625,2.7799861431121826171875">
        </Bone>
      </Part>
    </Brick>
    <Brick refID="125" designID="11153">
      <Part refID="126" designID="11153" materials="208">
        <Bone refID="126" transformation="-0.0588681511580944061279296875,0.015035875141620635986328125,-0.998152554035186767578125,-0.99826538562774658203125,0,0.0588748864829540252685546875,0.0008851694874465465545654296875,0.999887049198150634765625,0.015009798109531402587890625,-1.407527923583984375,2.308878421783447265625,2.7988262176513671875">
        </Bone>
      </Part>
    </Brick>
    <Brick refID="126" designID="11153">
      <Part refID="127" designID="11153" materials="23">
        <Bone refID="127" transformation="-0.0588681995868682861328125,0.0150358565151691436767578125,-0.99815261363983154296875,-0.99826538562774658203125,0,0.0588748492300510406494140625,0.000885166751686483621597290039062,0.999887049198150634765625,0.015009778551757335662841796875,-1.4082305431365966796875,1.508968353271484375,2.786816120147705078125">
        </Bone>
      </Part>
    </Brick>
    <Brick refID="127" designID="63864">
      <Part refID="128" designID="63864" materials="26">
        <Bone refID="128" transformation="1,0,0,0,1,0,0,0,1,1.108646392822265625E-05,3.179999828338623046875,-2.80001735687255859375">
        </Bone>
      </Part>
    </Brick>
    <Brick refID="128" designID="50746">
      <Part refID="129" designID="50746" materials="26">
        <Bone refID="129" transformation="1,0,0,0,1,0,0,0,1,-1.199997425079345703125,2.53999996185302734375,-1.20002806186676025390625">
        </Bone>
      </Part>
    </Brick>
    <Brick refID="129" designID="18653">
      <Part refID="130" designID="18653" materials="208">
        <Bone refID="130" transformation="0,0,-1,0,1,0,1,0,0,-1.199997425079345703125,0.61999881267547607421875,0.39997231960296630859375">
        </Bone>
      </Part>
    </Brick>
    <Brick refID="130" designID="63864">
      <Part refID="131" designID="63864" materials="26">
        <Bone refID="131" transformation="1,0,0,0,1,0,0,0,1,1.108646392822265625E-05,3.179999828338623046875,-2.000017642974853515625">
        </Bone>
      </Part>
    </Brick>
    <Brick refID="131" designID="18977">
      <Part refID="132" designID="18977" materials="26">
